1 6.021e-05
2 0.00010585
3 0.00021714
4 0.00025188
5 0.00036085
6 0.00049544
7 0.00062519
8 0.00098991
9 0.00102426
10 0.00130006
11 0.00165651
12 0.00187612
13 0.00236743
14 0.00268186
15 0.00302498
16 0.00390976
17 0.00414427
18 0.0048307
19 0.00528178
20 0.00587932
21 0.00649592
22 0.00756777
23 0.00849404
24 0.00935361
25 0.00983317
26 0.0104332
27 0.0115708
28 0.0127244
29 0.0139172
30 0.0146497
31 0.0162128
32 0.0181291
33 0.0201475
34 0.0221699
35 0.0226128
36 0.0260583
37 0.0258139
38 0.0282578
39 0.030617
40 0.0328274
41 0.0345199
42 0.0367263
43 0.0395364
44 0.041723
45 0.0445527
46 0.0456244
47 0.0479747
48 0.0536962
49 0.0554944
50 0.0582455
51 0.061907
52 0.0642167
53 0.074641
54 0.0756683
55 0.0799543
56 0.081378
57 0.0851779
58 0.0912718
59 0.0918252
60 0.0984465
61 0.103598
62 0.107563
63 0.114705
64 0.116345
