1 5.384e-05
2 0.00010524
3 0.00014694
4 0.00023792
5 0.00031248
6 0.00044714
7 0.00056442
8 0.00074974
9 0.00091348
10 0.00115238
11 0.0013823
12 0.00169139
13 0.00195604
14 0.00239237
15 0.0027088
16 0.00320213
17 0.00356251
18 0.00407591
19 0.00457611
20 0.00530366
21 0.00574835
22 0.00668504
23 0.00718248
24 0.00812092
25 0.00885221
26 0.00969218
27 0.0102865
28 0.011725
29 0.0124511
30 0.0138563
31 0.0146529
32 0.0158396
33 0.0168254
34 0.0186343
35 0.0197144
36 0.02117
37 0.0233033
38 0.0253535
39 0.0264305
40 0.0287296
41 0.0304088
42 0.0328877
43 0.0343774
44 0.0364062
45 0.0384819
46 0.0404892
47 0.0423417
48 0.046371
49 0.0485792
50 0.0511162
51 0.0536817
52 0.056107
53 0.0597802
54 0.0626247
55 0.0643649
56 0.0680966
57 0.0712622
58 0.0740705
59 0.0778929
60 0.0802001
61 0.0846974
62 0.0886923
63 0.0921715
64 0.0981396
