1 5.429e-05
2 0.0001109
3 0.00015134
4 0.00025668
5 0.0003352
6 0.00050802
7 0.00063712
8 0.00083186
9 0.00096554
10 0.00126803
11 0.00144274
12 0.00187399
13 0.00212454
14 0.00251692
15 0.00284072
16 0.00343144
17 0.00367523
18 0.0041183
19 0.00493185
20 0.00577882
21 0.00628959
22 0.00777772
23 0.00759149
24 0.00814244
25 0.00888243
26 0.0095617
27 0.0104747
28 0.01078
29 0.0113194
30 0.0138291
31 0.0149476
32 0.0172846
33 0.0173476
34 0.0209934
35 0.0190833
36 0.0242761
37 0.0250792
38 0.0251295
39 0.0290861
40 0.0325177
41 0.0334073
42 0.035162
43 0.0393503
44 0.0383992
45 0.043766
46 0.0450395
47 0.0471183
48 0.049726
49 0.051346
50 0.0527703
51 0.0594325
52 0.0612891
53 0.0651564
54 0.0700928
55 0.0756772
56 0.080919
57 0.0831906
58 0.0786065
59 0.0778315
60 0.0969661
61 0.0958942
62 0.102917
63 0.103631
64 0.112659
