1 5.151e-05
2 0.000107
3 0.00016467
4 0.00024647
5 0.00032285
6 0.00047658
7 0.00056917
8 0.00075886
9 0.00090566
10 0.00112402
11 0.00127544
12 0.00154684
13 0.00175932
14 0.00209575
15 0.00231311
16 0.00273031
17 0.00298054
18 0.00337329
19 0.00367078
20 0.00413139
21 0.00444203
22 0.00494975
23 0.00529023
24 0.00587591
25 0.00624998
26 0.00681339
27 0.00718215
28 0.00798161
29 0.00830111
30 0.00896914
31 0.00945712
32 0.0101541
33 0.010675
34 0.0115334
35 0.0119183
36 0.0127867
37 0.0133478
38 0.0142965
39 0.0148231
40 0.0159006
41 0.0167025
42 0.0177793
43 0.019822
44 0.0192713
45 0.0197288
46 0.0208405
47 0.0213269
48 0.0223982
49 0.023712
50 0.0248382
51 0.025089
52 0.0263269
53 0.0271637
54 0.0284102
55 0.0291794
56 0.0306046
57 0.0316028
58 0.0336843
59 0.0343258
60 0.0353348
61 0.0362562
62 0.0376829
63 0.0396426
64 0.0406065
