1 3.59e-05
2 7.352e-05
3 9.799e-05
4 0.00016983
5 0.00022752
6 0.00035775
7 0.00046183
8 0.00064881
9 0.00080794
10 0.0010778
11 0.00134578
12 0.00169224
13 0.0020068
14 0.00249523
15 0.00290167
16 0.00345199
17 0.00400856
18 0.00466681
19 0.00533896
20 0.00618056
21 0.00698606
22 0.00790492
23 0.00892638
24 0.0100443
25 0.0111013
26 0.0123008
27 0.0137552
28 0.0154316
29 0.0168381
30 0.0187543
31 0.020477
32 0.0226279
33 0.024586
34 0.0271989
35 0.0293311
36 0.0321171
37 0.0347689
38 0.0376045
39 0.0397748
40 0.0432266
41 0.0460449
42 0.0500277
43 0.0533192
44 0.0569104
45 0.0611035
46 0.0653812
47 0.068772
48 0.0734855
49 0.0772687
50 0.082088
51 0.0856235
52 0.090753
53 0.0961718
54 0.101987
55 0.105996
56 0.112405
57 0.117339
58 0.122189
59 0.128609
60 0.136056
61 0.140302
62 0.146724
63 0.152331
64 0.16089
