1 3.561e-05
2 7.555e-05
3 0.00010437
4 0.00018832
5 0.00026066
6 0.00041127
7 0.00053268
8 0.00076034
9 0.00096234
10 0.00127173
11 0.00153434
12 0.00200496
13 0.00237103
14 0.00291044
15 0.00339056
16 0.00406622
17 0.00467461
18 0.00554989
19 0.00630291
20 0.00731569
21 0.0081581
22 0.00930516
23 0.0104077
24 0.0117034
25 0.0130303
26 0.014604
27 0.0162306
28 0.017752
29 0.0195275
30 0.0215015
31 0.0234602
32 0.0257821
33 0.0282095
34 0.0305338
35 0.0331655
36 0.0362074
37 0.0393449
38 0.0421749
39 0.0454908
40 0.0489407
41 0.0523126
42 0.0558538
43 0.0595702
44 0.0639907
45 0.068607
46 0.0723315
47 0.0769599
48 0.0814338
49 0.0865427
50 0.0911445
51 0.0966901
52 0.101383
53 0.107114
54 0.111599
55 0.118234
56 0.123608
57 0.129787
58 0.135015
59 0.143037
60 0.149077
61 0.15493
62 0.160742
63 0.167888
64 0.176435
