1 3.678e-05
2 4.438e-05
3 6.296e-05
4 9.362e-05
5 0.00014218
6 0.00020524
7 0.00030295
8 0.00041371
9 0.0005612
10 0.00074382
11 0.00095933
12 0.00121822
13 0.00152518
14 0.00184925
15 0.00229205
16 0.00271819
17 0.00322392
18 0.00381328
19 0.00450581
20 0.00548226
21 0.00597317
22 0.00677694
23 0.00777695
24 0.00877407
25 0.00992773
26 0.0110345
27 0.012332
28 0.013671
29 0.0152148
30 0.0170793
31 0.0185108
32 0.0203691
33 0.0224456
34 0.0244352
35 0.0270832
36 0.0292192
37 0.0315935
38 0.0344302
39 0.0371761
40 0.040136
41 0.0433512
42 0.0464634
43 0.0498875
44 0.0533882
45 0.0572759
46 0.0609989
47 0.064825
48 0.0685635
49 0.0728551
50 0.0772175
51 0.081377
52 0.0861949
53 0.0908391
54 0.0961899
55 0.100726
56 0.106039
57 0.111449
58 0.116884
59 0.122345
60 0.128124
61 0.133629
62 0.139574
63 0.145697
64 0.151995
