1 3.566e-05
2 4.237e-05
3 6.007e-05
4 8.647e-05
5 0.00013172
6 0.00019187
7 0.00026717
8 0.00036703
9 0.00048837
10 0.0006426
11 0.00083881
12 0.00105017
13 0.00133046
14 0.00162949
15 0.00198043
16 0.0023757
17 0.00279239
18 0.00327464
19 0.00389824
20 0.00447398
21 0.00512117
22 0.0059087
23 0.006728
24 0.00754541
25 0.0085099
26 0.00959572
27 0.010638
28 0.0118511
29 0.0133581
30 0.0147741
31 0.0162017
32 0.0179582
33 0.019797
34 0.0216694
35 0.0234141
36 0.0256686
37 0.0279366
38 0.0302256
39 0.03286
40 0.0354418
41 0.038212
42 0.040702
43 0.0440103
44 0.0472357
45 0.0504628
46 0.0535722
47 0.0577513
48 0.0609536
49 0.0647393
50 0.0691011
51 0.0727576
52 0.076574
53 0.0813635
54 0.0853321
55 0.0897124
56 0.094547
57 0.0993876
58 0.10326
59 0.109193
60 0.114779
61 0.119975
62 0.123893
63 0.130261
64 0.1369
