1 5.195e-05
2 7.229e-05
3 0.00010472
4 0.00019646
5 0.00019632
6 0.00026047
7 0.00031717
8 0.00039812
9 0.00047737
10 0.00057079
11 0.00066273
12 0.00079003
13 0.00089419
14 0.00102625
15 0.00117283
16 0.0013087
17 0.00146274
18 0.00160911
19 0.00178905
20 0.00198999
21 0.00217726
22 0.00236995
23 0.00258674
24 0.0027685
25 0.0030154
26 0.00321469
27 0.00346775
28 0.00374344
29 0.00395895
30 0.00425857
31 0.00459538
32 0.00481909
33 0.00507907
34 0.00538415
35 0.00567263
36 0.00601263
37 0.00627909
38 0.00664374
39 0.00692558
40 0.00737555
41 0.00769688
42 0.00806642
43 0.00843851
44 0.00879532
45 0.00923237
46 0.00976074
47 0.0103049
48 0.0105804
49 0.0108892
50 0.0113951
51 0.0118378
52 0.012121
53 0.0127037
54 0.0132632
55 0.0136094
56 0.0140324
57 0.0148193
58 0.0151991
59 0.0158004
60 0.0163439
61 0.016673
62 0.0171651
63 0.0178673
64 0.0184821
