1 5.873e-05
2 7.442e-05
3 0.00011042
4 0.00015361
5 0.00021312
6 0.00028599
7 0.00037827
8 0.00048672
9 0.00062471
10 0.00074938
11 0.000898
12 0.0010661
13 0.00147541
14 0.00158801
15 0.00179704
16 0.00213818
17 0.00235779
18 0.00284309
19 0.00310104
20 0.00352066
21 0.00412433
22 0.00448404
23 0.00499976
24 0.00547377
25 0.00614041
26 0.00691114
27 0.00745733
28 0.00821312
29 0.00927375
30 0.00972228
31 0.0106503
32 0.0115683
33 0.0128731
34 0.0135188
35 0.0146253
36 0.0157077
37 0.0176004
38 0.018855
39 0.019831
40 0.0209865
41 0.0235161
42 0.0248954
43 0.0265167
44 0.0272204
45 0.0301494
46 0.0316387
47 0.033747
48 0.0352309
49 0.0372045
50 0.0391508
51 0.0416768
52 0.0438394
53 0.0457317
54 0.048793
55 0.0514588
56 0.0539304
57 0.0572657
58 0.0600866
59 0.0618563
60 0.0661165
61 0.0726296
62 0.0721563
63 0.0730627
64 0.0776222
